{
 "cells": [
  {
   "cell_type": "code",
   "execution_count": 115,
   "metadata": {},
   "outputs": [],
   "source": [
    "import numpy as np\n",
    "from scipy.linalg import lu"
   ]
  },
  {
   "cell_type": "markdown",
   "metadata": {},
   "source": [
    "# Konkrétní matice pro výpočet"
   ]
  },
  {
   "cell_type": "code",
   "execution_count": null,
   "metadata": {},
   "outputs": [],
   "source": []
  },
  {
   "cell_type": "code",
   "execution_count": 116,
   "metadata": {},
   "outputs": [],
   "source": [
    "n = 5\n",
    "A = np.array([[-float(k < l) for k in range(n)] for l in range(n)]) + np.eye(n) \\\n",
    "+np.array([[float(k == n-1) for k in range(n)] for l in range(n)])\n",
    "A[-1,-1] = 1"
   ]
  },
  {
   "cell_type": "code",
   "execution_count": 117,
   "metadata": {},
   "outputs": [
    {
     "data": {
      "text/plain": [
       "array([[ 1.,  0.,  0.,  0.,  1.],\n",
       "       [-1.,  1.,  0.,  0.,  1.],\n",
       "       [-1., -1.,  1.,  0.,  1.],\n",
       "       [-1., -1., -1.,  1.,  1.],\n",
       "       [-1., -1., -1., -1.,  1.]])"
      ]
     },
     "execution_count": 117,
     "metadata": {},
     "output_type": "execute_result"
    }
   ],
   "source": [
    "A"
   ]
  },
  {
   "cell_type": "code",
   "execution_count": 120,
   "metadata": {},
   "outputs": [],
   "source": [
    "L,U,P = lu(A)"
   ]
  },
  {
   "cell_type": "code",
   "execution_count": 123,
   "metadata": {},
   "outputs": [
    {
     "data": {
      "text/plain": [
       "array([[ 1.,  0.,  0.,  0.,  1.],\n",
       "       [ 0.,  1.,  0.,  0.,  2.],\n",
       "       [ 0.,  0.,  1.,  0.,  4.],\n",
       "       [ 0.,  0.,  0.,  1.,  8.],\n",
       "       [ 0.,  0.,  0.,  0., 16.]])"
      ]
     },
     "execution_count": 123,
     "metadata": {},
     "output_type": "execute_result"
    }
   ],
   "source": [
    "P"
   ]
  },
  {
   "cell_type": "code",
   "execution_count": 95,
   "metadata": {},
   "outputs": [
    {
     "data": {
      "text/plain": [
       "2.223923440475879"
      ]
     },
     "execution_count": 95,
     "metadata": {},
     "output_type": "execute_result"
    }
   ],
   "source": [
    "np.linalg.cond(A)"
   ]
  },
  {
   "cell_type": "code",
   "execution_count": 96,
   "metadata": {},
   "outputs": [],
   "source": [
    "x = np.random.rand(n,1)"
   ]
  },
  {
   "cell_type": "code",
   "execution_count": 97,
   "metadata": {},
   "outputs": [
    {
     "data": {
      "text/plain": [
       "array([[0.80270435],\n",
       "       [0.10634318],\n",
       "       [0.10083739],\n",
       "       [0.75704681],\n",
       "       [0.60130165]])"
      ]
     },
     "execution_count": 97,
     "metadata": {},
     "output_type": "execute_result"
    }
   ],
   "source": [
    "x"
   ]
  },
  {
   "cell_type": "code",
   "execution_count": 98,
   "metadata": {},
   "outputs": [],
   "source": [
    "b = A @ x"
   ]
  },
  {
   "cell_type": "code",
   "execution_count": 99,
   "metadata": {},
   "outputs": [
    {
     "data": {
      "text/plain": [
       "array([[ 1.404006  ],\n",
       "       [-0.09505952],\n",
       "       [-0.20690849],\n",
       "       [ 0.34846354],\n",
       "       [-1.16563008]])"
      ]
     },
     "execution_count": 99,
     "metadata": {},
     "output_type": "execute_result"
    }
   ],
   "source": [
    "b"
   ]
  },
  {
   "cell_type": "markdown",
   "metadata": {},
   "source": [
    "# úkol a)"
   ]
  },
  {
   "cell_type": "code",
   "execution_count": 100,
   "metadata": {},
   "outputs": [],
   "source": [
    "P, L, U = lu(A)"
   ]
  },
  {
   "cell_type": "code",
   "execution_count": 101,
   "metadata": {},
   "outputs": [
    {
     "data": {
      "text/plain": [
       "array([[1., 0., 0., 0., 0.],\n",
       "       [0., 1., 0., 0., 0.],\n",
       "       [0., 0., 1., 0., 0.],\n",
       "       [0., 0., 0., 1., 0.],\n",
       "       [0., 0., 0., 0., 1.]])"
      ]
     },
     "execution_count": 101,
     "metadata": {},
     "output_type": "execute_result"
    }
   ],
   "source": [
    "P"
   ]
  },
  {
   "cell_type": "code",
   "execution_count": 102,
   "metadata": {},
   "outputs": [
    {
     "data": {
      "text/plain": [
       "array([[ 1.,  0.,  0.,  0.,  0.],\n",
       "       [-1.,  1.,  0.,  0.,  0.],\n",
       "       [-1., -1.,  1.,  0.,  0.],\n",
       "       [-1., -1., -1.,  1.,  0.],\n",
       "       [-1., -1., -1., -1.,  1.]])"
      ]
     },
     "execution_count": 102,
     "metadata": {},
     "output_type": "execute_result"
    }
   ],
   "source": [
    "L"
   ]
  },
  {
   "cell_type": "code",
   "execution_count": 103,
   "metadata": {},
   "outputs": [
    {
     "data": {
      "text/plain": [
       "array([[ 1.,  0.,  0.,  0.,  1.],\n",
       "       [ 0.,  1.,  0.,  0.,  2.],\n",
       "       [ 0.,  0.,  1.,  0.,  4.],\n",
       "       [ 0.,  0.,  0.,  1.,  8.],\n",
       "       [ 0.,  0.,  0.,  0., 16.]])"
      ]
     },
     "execution_count": 103,
     "metadata": {},
     "output_type": "execute_result"
    }
   ],
   "source": [
    "U"
   ]
  },
  {
   "cell_type": "code",
   "execution_count": 105,
   "metadata": {},
   "outputs": [
    {
     "data": {
      "text/plain": [
       "array([[ 1.,  0.,  0.,  0.,  1.],\n",
       "       [-1.,  1.,  0.,  0.,  1.],\n",
       "       [-1., -1.,  1.,  0.,  1.],\n",
       "       [-1., -1., -1.,  1.,  1.],\n",
       "       [-1., -1., -1., -1.,  1.]])"
      ]
     },
     "execution_count": 105,
     "metadata": {},
     "output_type": "execute_result"
    }
   ],
   "source": []
  },
  {
   "cell_type": "markdown",
   "metadata": {},
   "source": [
    "# úkol b)"
   ]
  },
  {
   "cell_type": "markdown",
   "metadata": {},
   "source": [
    "# úkol c)"
   ]
  },
  {
   "cell_type": "code",
   "execution_count": 107,
   "metadata": {},
   "outputs": [],
   "source": [
    "Q, R = np.linalg.qr(A)"
   ]
  },
  {
   "cell_type": "code",
   "execution_count": 108,
   "metadata": {},
   "outputs": [
    {
     "data": {
      "text/plain": [
       "array([[-4.47213595e-01,  2.23606798e-01,  7.62492852e-02,\n",
       "         2.00841232e-16,  8.62662186e-01],\n",
       "       [ 4.47213595e-01, -7.82623792e-01,  3.81246426e-02,\n",
       "         8.06163052e-17,  4.31331093e-01],\n",
       "       [ 4.47213595e-01,  3.35410197e-01, -8.00617494e-01,\n",
       "         2.09255486e-18,  2.15665546e-01],\n",
       "       [ 4.47213595e-01,  3.35410197e-01,  4.19371068e-01,\n",
       "        -7.07106781e-01,  1.07832773e-01],\n",
       "       [ 4.47213595e-01,  3.35410197e-01,  4.19371068e-01,\n",
       "         7.07106781e-01,  1.07832773e-01]])"
      ]
     },
     "execution_count": 108,
     "metadata": {},
     "output_type": "execute_result"
    }
   ],
   "source": [
    "Q"
   ]
  },
  {
   "cell_type": "code",
   "execution_count": 109,
   "metadata": {},
   "outputs": [
    {
     "data": {
      "text/plain": [
       "array([[-2.23606798e+00, -8.94427191e-01, -4.47213595e-01,\n",
       "         0.00000000e+00,  1.34164079e+00],\n",
       "       [ 0.00000000e+00, -1.78885438e+00, -3.35410197e-01,\n",
       "         0.00000000e+00,  4.47213595e-01],\n",
       "       [ 0.00000000e+00,  0.00000000e+00, -1.63935963e+00,\n",
       "         0.00000000e+00,  1.52498570e-01],\n",
       "       [ 0.00000000e+00,  0.00000000e+00,  0.00000000e+00,\n",
       "        -1.41421356e+00,  2.22044605e-16],\n",
       "       [ 0.00000000e+00,  0.00000000e+00,  0.00000000e+00,\n",
       "         0.00000000e+00,  1.72532437e+00]])"
      ]
     },
     "execution_count": 109,
     "metadata": {},
     "output_type": "execute_result"
    }
   ],
   "source": [
    "R"
   ]
  },
  {
   "cell_type": "markdown",
   "metadata": {},
   "source": [
    "# úkol d)"
   ]
  },
  {
   "cell_type": "code",
   "execution_count": 111,
   "metadata": {},
   "outputs": [],
   "source": [
    "W, S, V = np.linalg.svd(A)"
   ]
  },
  {
   "cell_type": "code",
   "execution_count": 112,
   "metadata": {},
   "outputs": [
    {
     "data": {
      "text/plain": [
       "array([[-2.22044605e-16, -7.77156117e-16,  1.40165657e-15,\n",
       "         4.01682464e-17, -1.00000000e+00],\n",
       "       [ 2.41816250e-01, -7.12015746e-01, -6.59210496e-01,\n",
       "         1.54288040e-16, -2.77555756e-16],\n",
       "       [ 4.52990541e-01, -5.17957311e-01,  7.25616837e-01,\n",
       "        -1.79709821e-16,  1.44328993e-15],\n",
       "       [ 6.06763739e-01,  3.35226641e-01, -1.39502200e-01,\n",
       "        -7.07106781e-01, -4.44089210e-16],\n",
       "       [ 6.06763739e-01,  3.35226641e-01, -1.39502200e-01,\n",
       "         7.07106781e-01, -4.44089210e-16]])"
      ]
     },
     "execution_count": 112,
     "metadata": {},
     "output_type": "execute_result"
    }
   ],
   "source": [
    "W"
   ]
  },
  {
   "cell_type": "code",
   "execution_count": 113,
   "metadata": {},
   "outputs": [
    {
     "data": {
      "text/plain": [
       "array([3.14510269, 1.66907909, 1.5239764 , 1.41421356, 1.41421356])"
      ]
     },
     "execution_count": 113,
     "metadata": {},
     "output_type": "execute_result"
    }
   ],
   "source": [
    "S"
   ]
  },
  {
   "cell_type": "code",
   "execution_count": 114,
   "metadata": {},
   "outputs": [
    {
     "data": {
      "text/plain": [
       "array([[-6.06763739e-01, -4.52990541e-01, -2.41816250e-01,\n",
       "         0.00000000e+00,  6.06763739e-01],\n",
       "       [ 3.35226641e-01, -5.17957311e-01, -7.12015746e-01,\n",
       "         0.00000000e+00, -3.35226641e-01],\n",
       "       [ 1.39502200e-01, -7.25616837e-01,  6.59210496e-01,\n",
       "         0.00000000e+00, -1.39502200e-01],\n",
       "       [ 0.00000000e+00,  0.00000000e+00,  0.00000000e+00,\n",
       "        -1.00000000e+00,  0.00000000e+00],\n",
       "       [-7.07106781e-01, -3.33066907e-16,  1.41553436e-15,\n",
       "         0.00000000e+00, -7.07106781e-01]])"
      ]
     },
     "execution_count": 114,
     "metadata": {},
     "output_type": "execute_result"
    }
   ],
   "source": [
    "V"
   ]
  },
  {
   "cell_type": "markdown",
   "metadata": {},
   "source": [
    "# Hilbertova matice"
   ]
  },
  {
   "cell_type": "code",
   "execution_count": 82,
   "metadata": {},
   "outputs": [],
   "source": [
    "nh = 10\n",
    "Ah = np.array([[1/(i+j+1) for j in range(nh)] for i in range(nh)])"
   ]
  },
  {
   "cell_type": "code",
   "execution_count": 83,
   "metadata": {},
   "outputs": [
    {
     "data": {
      "text/plain": [
       "array([[1.        , 0.5       , 0.33333333, 0.25      , 0.2       ,\n",
       "        0.16666667, 0.14285714, 0.125     , 0.11111111, 0.1       ],\n",
       "       [0.5       , 0.33333333, 0.25      , 0.2       , 0.16666667,\n",
       "        0.14285714, 0.125     , 0.11111111, 0.1       , 0.09090909],\n",
       "       [0.33333333, 0.25      , 0.2       , 0.16666667, 0.14285714,\n",
       "        0.125     , 0.11111111, 0.1       , 0.09090909, 0.08333333],\n",
       "       [0.25      , 0.2       , 0.16666667, 0.14285714, 0.125     ,\n",
       "        0.11111111, 0.1       , 0.09090909, 0.08333333, 0.07692308],\n",
       "       [0.2       , 0.16666667, 0.14285714, 0.125     , 0.11111111,\n",
       "        0.1       , 0.09090909, 0.08333333, 0.07692308, 0.07142857],\n",
       "       [0.16666667, 0.14285714, 0.125     , 0.11111111, 0.1       ,\n",
       "        0.09090909, 0.08333333, 0.07692308, 0.07142857, 0.06666667],\n",
       "       [0.14285714, 0.125     , 0.11111111, 0.1       , 0.09090909,\n",
       "        0.08333333, 0.07692308, 0.07142857, 0.06666667, 0.0625    ],\n",
       "       [0.125     , 0.11111111, 0.1       , 0.09090909, 0.08333333,\n",
       "        0.07692308, 0.07142857, 0.06666667, 0.0625    , 0.05882353],\n",
       "       [0.11111111, 0.1       , 0.09090909, 0.08333333, 0.07692308,\n",
       "        0.07142857, 0.06666667, 0.0625    , 0.05882353, 0.05555556],\n",
       "       [0.1       , 0.09090909, 0.08333333, 0.07692308, 0.07142857,\n",
       "        0.06666667, 0.0625    , 0.05882353, 0.05555556, 0.05263158]])"
      ]
     },
     "execution_count": 83,
     "metadata": {},
     "output_type": "execute_result"
    }
   ],
   "source": [
    "Ah"
   ]
  },
  {
   "cell_type": "code",
   "execution_count": 84,
   "metadata": {},
   "outputs": [
    {
     "data": {
      "text/plain": [
       "16024416992541.715"
      ]
     },
     "execution_count": 84,
     "metadata": {},
     "output_type": "execute_result"
    }
   ],
   "source": [
    "np.linalg.cond(Ah)"
   ]
  },
  {
   "cell_type": "code",
   "execution_count": 87,
   "metadata": {},
   "outputs": [],
   "source": [
    "xh = np.random.rand(nh,1)"
   ]
  },
  {
   "cell_type": "code",
   "execution_count": 88,
   "metadata": {},
   "outputs": [],
   "source": [
    "bh = Ah @ xh"
   ]
  },
  {
   "cell_type": "code",
   "execution_count": 90,
   "metadata": {},
   "outputs": [
    {
     "data": {
      "text/plain": [
       "array([[1.14160817],\n",
       "       [0.81727128],\n",
       "       [0.66112335],\n",
       "       [0.56175087],\n",
       "       [0.49093597],\n",
       "       [0.43719118],\n",
       "       [0.39469657],\n",
       "       [0.36010258],\n",
       "       [0.33131238],\n",
       "       [0.30693229]])"
      ]
     },
     "execution_count": 90,
     "metadata": {},
     "output_type": "execute_result"
    }
   ],
   "source": [
    "bh"
   ]
  }
 ],
 "metadata": {
  "kernelspec": {
   "display_name": "Python 3",
   "language": "python",
   "name": "python3"
  },
  "language_info": {
   "codemirror_mode": {
    "name": "ipython",
    "version": 3
   },
   "file_extension": ".py",
   "mimetype": "text/x-python",
   "name": "python",
   "nbconvert_exporter": "python",
   "pygments_lexer": "ipython3",
   "version": "3.6.4"
  }
 },
 "nbformat": 4,
 "nbformat_minor": 4
}
